500
0 6 4 4 0 6 1 3 2 6 6 5 0 6 1 9 5 1 0 4 2 6 3 1 3 0 3 2 6 4 3 5 1 6 2 3 4 5 3 2 2 3 1 0 0 9 2 2 6 0 5 4 5 1 4 4 1 6 1 5 5 2 3 6 4 2 0 4 5 1 4 1 0 6 1 2 2 4 0 9 2 1 9 1 9 2 4 4 2 3 0 3 4 3 2 1 3 2 0 4 3 
1 4 9 0 0 0 1 6 0 1 3 4 2 1 1 3 2 2 9 4 1 5 3 2 6 0 1 1 4 9 6 4 4 1 0 3 2 2 5 0 2 9 3 2 0 1 5 1 2 4 3 3 2 6 0 4 5 1 3 1 2 6 5 5 1 0 2 0 2 3 3 0 9 4 6 5 0 3 0 4 5 1 4 1 6 2 1 0 3 5 1 5 0 1 6 0 0 0 0 4 
1 6 1 5 6 0 2 1 4 1 0 3 3 6 5 2 2 6 4 6 1 3 0 0 3 0 3 2 0 4 1 3 3 5 5 3 3 6 6 4 3 5 0 4 0 0 9 1 0 6 4 1 5 1 2 6 1 5 1 2 6 5 2 1 4 5 1 0 0 3 1 4 9 3 2 6 4 9 4 0 1 3 4 1 0 1 2 2 2 2 1 5 4 5 6 0 3 3 6 4 
1 4 3 2 1 4 2 1 0 2 1 4 5 0 2 5 3 5 2 2 5 5 0 9 6 3 2 2 3 5 5 4 5 5 3 0 1 6 0 6 3 0 5 2 4 2 1 3 6 0 5 6 3 0 6 6 9 0 3 6 5 0 2 6 3 1 3 0 4 4 0 2 4 1 6 1 2 9 3 5 4 6 0 1 2 1 5 1 4 6 1 6 2 1 0 6 4 3 5 0 
2 3 2 0 5 6 0 4 5 2 4 2 4 2 1 2 1 4 2 2 1 1 3 2 0 2 5 5 5 4 4 0 3 2 1 2 6 4 2 0 3 0 4 5 5 5 6 3 3 5 0 4 3 4 5 4 9 0 4 4 4 9 4 3 9 6 6 3 9 3 9 3 5 5 5 9 5 5 4 4 4 3 4 5 3 5 5 5 3 5 3 5 3 5 3 5 5 5 5 
tab0=71->0;
tab1=71->0;
tab2=71->0;
tab3=71->0;
tab4=71->0;
tab5=71->0;
tab6=52->0;
tab7=0->0;
tab8=0->0;
tab9=22->0;
tab10=0->0;
tab11=0->0;
tab12=0->0;
tab13=0->0;
tab14=0->0;
