300
3 2 2 3 2 9 6 5 1 4 1 5 5 5 6 9 3 2 5 3 4 9 0 2 0 4 2 3 4 6 6 4 2 3 6 2 6 2 1 2 2 3 2 0 6 1 5 6 5 1 6 6 0 1 9 3 4 4 1 5 3 5 3 5 0 0 6 2 9 3 1 9 2 1 3 4 0 5 5 5 4 2 1 3 5 2 5 4 3 3 3 1 0 0 0 1 4 6 2 1 0 
6 3 4 3 3 5 4 0 2 4 0 1 1 5 2 1 4 5 5 4 5 6 1 5 5 2 3 2 2 1 2 3 5 4 4 6 9 2 5 5 2 2 4 0 2 3 5 1 6 5 2 3 1 3 6 0 1 4 3 6 0 6 4 1 0 5 3 1 4 0 2 5 1 5 5 1 3 2 5 4 2 3 4 6 3 9 1 4 4 3 3 3 3 4 6 4 1 1 6 0 
0 3 1 6 5 1 0 6 0 6 5 3 2 1 3 0 6 6 5 0 2 5 5 2 6 3 5 2 4 4 9 4 4 3 3 2 1 0 3 3 0 1 2 2 1 4 0 5 1 4 4 9 3 1 0 0 5 1 4 1 2 6 2 9 0 4 9 6 0 4 4 4 4 1 9 4 5 0 6 0 6 5 0 2 2 0 0 0 0 0 1 1 1 0 0 0 9 9 9 
tab0=42->0;
tab1=42->0;
tab2=42->0;
tab3=42->0;
tab4=42->0;
tab5=42->0;
tab6=32->0;
tab7=0->0;
tab8=0->0;
tab9=16->0;
tab10=0->0;
tab11=0->0;
tab12=0->0;
tab13=0->0;
tab14=0->0;
