200
3 0 4 1 0 1 4 5 9 3 0 0 1 0 9 3 9 3 3 5 4 9 4 3 1 0 2 0 6 9 9 2 9 9 0 5 2 0 4 3 1 6 9 2 5 9 0 3 5 3 0 1 2 1 4 1 5 3 2 1 2 5 1 0 2 9 4 1 0 3 5 2 3 9 2 3 0 3 0 2 2 3 0 9 1 0 0 9 6 3 3 0 0 5 1 4 6 5 4 9 6 
4 5 3 0 5 1 5 1 3 5 2 4 5 4 0 2 9 3 4 5 1 2 5 9 3 0 3 3 3 2 1 4 4 3 4 2 2 4 5 1 3 0 1 5 4 5 4 5 1 6 2 5 0 4 5 4 1 6 2 1 2 3 1 1 0 5 3 5 1 4 2 0 5 0 5 2 4 4 2 6 5 1 2 4 6 6 2 2 2 4 4 6 6 1 4 1 6 6 6 
tab0=28->0;
tab1=28->0;
tab2=28->0;
tab3=28->0;
tab4=28->0;
tab5=28->0;
tab6=15->0;
tab7=0->0;
tab8=0->0;
tab9=17->0;
tab10=0->0;
tab11=0->0;
tab12=0->0;
tab13=0->0;
tab14=0->0;
