200
3 3 2 5 2 6 4 0 2 0 4 0 1 6 5 1 6 2 0 3 0 2 3 0 6 2 1 2 1 1 1 1 3 1 2 6 6 0 2 3 2 3 9 5 0 3 4 1 3 5 2 2 2 1 6 1 5 0 1 0 3 2 1 2 0 6 6 6 2 3 13 3 6 4 3 4 2 4 0 4 0 2 0 13 5 3 4 2 0 5 3 6 5 5 4 2 4 2 5 4 6 
5 5 5 1 1 2 4 0 1 5 6 5 2 6 6 4 4 3 3 0 3 2 0 3 6 1 2 1 5 4 2 2 13 1 1 4 1 4 5 2 1 6 5 0 6 3 5 3 0 6 1 4 0 0 3 0 5 0 6 3 5 6 0 3 1 1 0 5 6 0 3 3 0 1 6 6 1 6 1 3 6 3 6 5 4 5 4 4 4 4 4 4 4 5 4 5 4 5 5 
tab0=28->0;
tab1=28->0;
tab2=28->0;
tab3=28->0;
tab4=28->0;
tab5=28->0;
tab6=28->0;
tab7=0->0;
tab8=0->0;
tab9=1->0;
tab10=0->0;
tab11=0->0;
tab12=0->0;
tab13=3->0;
tab14=0->0;
