300
6 1 3 4 1 6 2 2 4 3 5 0 6 6 2 6 5 3 5 4 1 5 1 2 5 5 4 4 4 2 1 2 2 5 5 3 5 5 5 3 4 0 6 3 1 6 4 4 1 1 2 6 6 1 1 0 2 3 1 4 6 6 3 3 0 1 0 4 0 3 4 3 0 1 0 5 0 2 2 4 0 5 3 5 4 1 1 6 4 2 1 2 3 5 5 1 3 1 3 4 1 
5 6 3 2 4 1 5 4 4 5 3 1 2 0 3 6 6 3 2 1 6 0 3 3 2 1 0 5 4 2 4 3 2 1 2 3 6 0 1 1 3 4 1 1 1 6 2 9 2 1 1 6 3 1 0 6 4 3 4 4 2 6 0 2 0 1 3 1 4 2 4 3 2 4 3 2 4 2 6 5 2 2 6 6 4 0 2 2 1 3 4 3 2 5 2 4 2 2 9 2 
0 6 5 2 2 0 6 3 1 6 5 2 2 3 3 4 0 5 6 1 4 2 0 4 1 6 5 5 4 5 3 0 3 3 4 4 1 4 6 4 1 1 1 6 4 4 0 5 0 3 5 6 5 5 6 5 0 0 6 6 6 0 9 5 3 6 3 0 3 3 5 6 0 9 0 0 5 6 5 5 6 0 6 5 0 0 5 5 5 0 0 9 0 6 0 0 0 0 9 
tab0=42->0;
tab1=42->0;
tab2=42->0;
tab3=42->0;
tab4=42->0;
tab5=42->0;
tab6=42->0;
tab7=0->0;
tab8=0->0;
tab9=6->0;
tab10=0->0;
tab11=0->0;
tab12=0->0;
tab13=0->0;
tab14=0->0;
