300
4 3 3 0 0 0 6 2 6 4 6 3 1 4 0 2 1 5 3 4 0 6 5 6 0 3 3 4 5 2 5 1 3 5 2 2 3 4 1 6 6 6 1 3 4 5 4 0 4 2 0 4 1 1 1 0 4 5 3 2 5 3 4 6 2 4 2 3 1 2 3 4 1 0 3 4 4 6 5 6 5 3 1 6 4 2 3 5 4 1 2 0 6 5 5 5 5 5 6 3 2 
5 6 5 3 3 3 2 0 2 6 3 2 0 4 6 5 6 4 4 0 2 0 5 2 0 2 3 1 2 4 6 2 2 5 2 0 2 3 6 3 7 4 5 0 2 2 1 6 6 2 0 4 6 1 2 0 0 0 5 4 6 3 3 0 3 4 2 6 0 4 2 0 3 4 5 7 3 2 2 2 3 3 4 3 0 6 5 6 2 6 5 5 3 6 2 3 6 6 2 3 
2 5 0 1 1 2 5 6 1 3 4 0 2 4 4 3 0 2 1 3 6 5 2 3 1 4 1 4 6 1 4 6 1 6 5 5 6 1 2 0 0 6 1 6 4 1 0 6 0 6 4 5 6 3 0 3 1 1 5 5 4 3 4 1 5 5 1 1 1 4 4 0 1 4 5 5 0 0 5 0 1 5 0 5 1 1 1 1 1 1 0 1 1 0 0 7 7 7 7 
tab0=42->0;
tab1=42->0;
tab2=42->0;
tab3=42->0;
tab4=42->0;
tab5=42->0;
tab6=42->0;
tab7=6->0;
tab8=0->0;
tab9=0->0;
tab10=0->0;
tab11=0->0;
tab12=0->0;
tab13=0->0;
tab14=0->0;
