200
0 3 4 6 4 2 6 1 6 3 5 0 2 1 5 2 2 3 3 4 3 0 2 0 5 0 0 0 5 4 1 6 5 3 1 6 3 6 6 5 3 0 3 2 1 2 5 3 2 3 4 0 5 6 2 3 1 5 6 2 2 2 0 4 5 1 0 2 5 1 4 4 6 2 2 1 4 3 5 2 4 1 2 6 1 4 2 0 5 5 0 1 3 1 6 5 3 5 2 1 7 
0 3 2 4 2 2 3 4 5 2 6 3 2 4 2 0 3 5 2 5 6 2 5 4 6 0 0 0 4 1 5 1 5 0 4 3 1 0 5 4 4 1 3 4 5 6 3 3 1 6 7 3 6 2 1 5 1 1 6 1 1 0 0 4 1 1 1 6 0 1 6 3 4 4 4 6 6 3 5 0 6 6 5 6 6 0 4 3 6 3 4 5 0 0 4 7 7 0 4 
tab0=28->0;
tab1=28->0;
tab2=28->0;
tab3=28->0;
tab4=28->0;
tab5=28->0;
tab6=28->0;
tab7=4->0;
tab8=0->0;
tab9=0->0;
tab10=0->0;
tab11=0->0;
tab12=0->0;
tab13=0->0;
tab14=0->0;
