500
3 4 4 3 6 1 3 2 1 7 1 0 4 0 4 1 2 7 1 0 3 1 2 5 2 2 5 4 6 1 3 1 2 4 7 1 7 4 6 0 4 1 3 7 1 1 0 2 6 1 0 4 2 1 1 2 2 7 5 0 3 6 0 6 3 3 6 0 2 6 7 3 5 5 6 3 7 7 7 4 1 0 1 4 1 2 1 7 4 3 7 0 2 7 7 6 3 7 6 6 6 
3 3 7 2 7 4 7 7 4 2 2 5 2 4 0 0 7 7 0 3 3 4 5 1 7 3 7 0 3 3 1 2 5 7 6 4 7 2 7 2 0 2 2 0 7 2 3 4 3 6 5 2 1 2 0 6 0 0 2 3 3 7 4 0 4 1 1 2 2 2 7 5 2 7 3 2 4 1 7 7 4 6 7 2 5 3 2 5 5 1 4 3 0 2 1 2 4 0 4 2 
0 6 7 2 0 2 3 2 5 3 4 3 1 7 1 7 4 3 0 5 5 7 5 3 3 1 1 7 2 0 3 4 3 7 7 5 1 1 5 4 5 4 0 7 7 7 4 3 3 4 1 4 6 7 4 4 5 3 4 1 3 2 7 0 2 3 7 3 2 0 4 2 1 4 2 0 4 7 1 6 2 4 7 2 6 3 1 7 0 4 7 6 0 7 0 7 2 3 0 0 
4 4 7 4 0 0 4 4 6 2 0 1 7 7 3 1 2 1 7 4 3 4 1 1 2 6 7 2 7 6 1 5 0 7 2 7 0 5 1 2 1 3 1 0 3 0 6 2 2 3 7 7 3 7 4 5 6 7 1 6 1 1 2 2 0 6 1 3 0 0 2 3 5 3 0 3 1 1 1 4 6 2 2 1 0 1 3 0 3 1 7 2 2 3 6 3 0 1 1 2 
3 7 0 2 0 2 7 6 3 2 7 2 7 1 0 1 6 5 4 7 6 2 2 1 4 7 5 1 0 3 0 3 2 6 1 0 0 0 3 1 1 5 1 1 3 4 5 3 3 0 6 5 0 5 4 1 3 4 0 4 3 3 6 0 1 3 3 4 0 1 3 4 4 0 4 8 6 6 6 4 4 0 0 4 4 0 4 0 4 4 0 0 4 0 4 4 4 8 8 
tab0=71	0;
tab1=71	0;
tab2=71	0;
tab3=71	0;
tab4=71	0;
tab5=31	0;
tab6=40	0;
tab7=71	0;
tab8=3	0;
tab9=0	0;
tab10=0	0;
tab11=0	0;
tab12=0	0;
tab13=0	0;
tab14=0	0;
tab15=0	0;
tab16=0	0;
tab17=0	0;
