425
0 3 7 2 0 8 0 0 3 3 2 1 6 4 3 1 0 0 2 6 1 2 1 2 4 0 8 0 2 7 7 0 6 1 2 7 2 7 0 1 3 0 4 2 4 8 4 1 3 1 0 0 7 0 1 1 3 7 6 7 8 0 1 2 4 7 1 0 2 2 4 0 2 7 2 0 2 1 2 2 1 4 4 8 0 7 4 2 6 7 7 2 7 4 0 4 7 7 8 7 2 
1 7 6 2 2 7 3 3 4 7 4 2 7 6 6 0 4 8 7 3 1 3 7 4 1 4 4 3 2 2 6 7 0 7 0 1 0 2 4 2 7 2 3 1 8 6 8 8 6 0 4 6 4 4 4 0 4 1 7 8 8 8 2 4 1 7 3 3 2 1 3 0 7 7 3 2 4 1 4 3 0 0 4 1 6 1 7 4 0 6 0 8 7 7 4 4 4 4 2 4 
7 3 0 3 2 7 1 4 2 4 7 6 6 1 7 3 1 1 6 7 6 8 2 3 2 4 4 2 4 7 8 0 7 7 7 1 4 4 7 1 7 6 6 6 4 4 7 0 0 0 1 0 1 7 2 0 3 2 7 1 2 0 2 3 2 2 7 4 2 2 0 4 2 7 1 0 7 2 1 0 3 3 0 7 4 6 7 7 1 6 7 2 7 0 6 7 0 3 3 0 
6 4 3 2 7 0 7 3 2 7 3 0 7 8 1 2 1 1 3 0 0 6 3 3 4 6 0 3 4 2 2 3 4 3 4 4 4 1 2 2 1 1 3 2 1 1 2 4 0 4 0 6 4 4 6 0 0 0 2 4 2 8 1 4 0 3 3 1 0 3 3 0 8 1 2 1 0 3 6 3 1 1 1 3 8 6 1 3 3 6 3 1 3 8 3 6 1 6 3 3 
3 8 3 1 3 1 3 3 3 1 1 6 3 3 1 6 6 6 6 6 6 6 6 6 
tab0=60	0;
tab1=60	0;
tab2=60	0;
tab3=60	0;
tab4=59	0;
tab5=0	0;
tab6=44	0;
tab7=60	0;
tab8=22	0;
tab9=0	0;
tab10=0	0;
tab11=0	0;
tab12=0	0;
tab13=0	0;
tab14=0	0;
tab15=0	0;
tab16=0	0;
tab17=0	0;
