150
1 0 1 4 7 7 3 6 6 0 0 4 1 1 2 1 8 4 1 1 8 2 0 0 8 3 0 7 3 4 2 7 3 8 3 6 0 2 4 8 2 6 7 1 7 0 8 2 2 7 2 2 6 2 4 6 1 8 3 1 0 1 8 1 8 5 1 4 3 8 8 4 8 7 3 2 0 2 4 4 7 1 3 0 0 8 0 1 7 2 8 1 1 3 8 4 3 7 7 1 1 
3 8 2 1 1 2 3 4 3 7 7 3 7 8 0 4 0 0 0 4 7 7 2 2 4 7 0 7 2 0 4 0 0 4 2 3 7 2 2 7 3 4 4 4 3 3 4 3 3 
tab0=21	0;
tab1=21	0;
tab2=21	0;
tab3=21	0;
tab4=21	0;
tab5=1	0;
tab6=6	0;
tab7=21	0;
tab8=17	0;
tab9=0	0;
tab10=0	0;
tab11=0	0;
tab12=0	0;
tab13=0	0;
tab14=0	0;
tab15=0	0;
tab16=0	0;
tab17=0	0;
