200
3 2 3 7 2 2 7 1 2 0 2 4 5 0 3 2 4 0 5 7 4 7 0 1 5 6 3 2 3 6 3 7 2 0 0 1 4 0 4 3 5 4 7 4 2 7 4 2 2 0 4 1 4 0 7 0 5 5 4 7 4 7 5 4 1 2 1 3 4 5 7 6 0 2 0 2 1 3 5 5 4 2 3 4 3 0 1 2 0 7 7 0 4 3 3 1 5 2 5 0 3 
5 0 0 5 4 5 4 2 2 5 3 0 0 3 4 3 7 1 0 4 1 6 5 4 3 1 1 5 7 4 1 7 2 7 4 5 0 2 3 1 2 1 2 4 0 5 5 3 5 7 2 0 0 2 0 4 0 7 1 8 2 3 7 4 1 4 5 7 7 3 2 3 0 1 1 1 2 1 3 1 3 3 7 1 1 3 3 7 7 1 1 7 7 1 7 8 6 8 8 
tab0=28	0;
tab1=28	0;
tab2=28	0;
tab3=28	0;
tab4=28	0;
tab5=23	0;
tab6=5	0;
tab7=28	0;
tab8=4	0;
tab9=0	0;
tab10=0	0;
tab11=0	0;
tab12=0	0;
tab13=0	0;
tab14=0	0;
tab15=0	0;
tab16=0	0;
tab17=0	0;
