250
2 4 6 2 2 3 7 1 3 0 4 5 0 5 0 7 7 4 0 2 5 2 1 4 0 2 6 3 4 5 2 7 5 4 0 2 5 1 2 6 4 0 6 1 7 5 0 0 1 2 2 7 0 0 1 1 1 4 5 1 2 6 6 0 2 5 3 7 2 0 1 2 2 4 4 7 4 5 4 2 3 0 6 5 6 0 3 3 5 2 6 3 0 0 1 3 4 5 6 5 5 
7 5 1 3 4 5 3 4 2 3 5 5 0 3 2 7 0 0 4 7 3 7 0 0 2 3 2 1 4 5 5 2 1 2 0 0 6 2 5 5 0 4 0 1 2 3 4 5 0 4 1 5 6 4 4 6 4 5 2 0 3 4 3 1 6 4 4 5 2 1 5 3 3 1 6 1 6 6 4 5 5 4 5 2 1 1 0 0 2 2 3 3 3 5 5 4 6 0 4 2 
3 6 0 0 5 4 3 0 3 1 4 6 5 6 2 1 2 4 0 4 4 6 3 3 2 3 3 1 3 1 3 3 3 3 6 1 6 6 1 6 1 1 6 6 1 1 1 1 1 
tab0=35	0;
tab1=35	0;
tab2=35	0;
tab3=35	0;
tab4=35	0;
tab5=35	0;
tab6=28	0;
tab7=12	0;
tab8=0	0;
tab9=0	0;
tab10=0	0;
tab11=0	0;
tab12=0	0;
tab13=0	0;
tab14=0	0;
tab15=0	0;
tab16=0	0;
tab17=0	0;
