250
1 7 2 0 4 7 7 3 7 7 7 4 0 2 7 8 8 6 2 6 4 2 4 4 1 3 4 7 7 4 6 7 0 1 3 4 4 1 0 4 7 1 2 2 4 4 4 7 0 3 1 4 4 0 1 3 7 8 0 0 1 0 6 2 1 3 1 6 0 4 6 1 3 7 3 2 0 2 4 1 3 3 2 7 0 2 7 3 6 1 6 6 3 2 1 1 3 2 6 1 2 
3 3 4 7 6 7 1 4 3 0 8 4 2 0 2 0 2 2 0 8 1 4 3 2 0 4 2 0 1 2 4 6 7 7 6 3 6 0 2 7 1 0 3 6 4 7 0 7 2 4 6 0 0 4 4 4 2 0 4 4 3 3 1 1 7 2 1 2 2 1 2 3 0 2 0 2 6 4 7 0 7 1 8 4 6 4 1 3 7 7 4 4 7 1 1 3 1 0 1 3 
6 7 2 8 0 1 1 1 7 0 2 3 8 7 6 8 2 2 0 2 1 0 6 7 7 3 1 0 0 7 3 6 6 3 0 3 3 3 3 3 3 8 5 8 8 8 8 8 8 
tab0=35	0;
tab1=35	0;
tab2=35	0;
tab3=35	0;
tab4=35	0;
tab5=1	0;
tab6=23	0;
tab7=35	0;
tab8=16	0;
tab9=0	0;
tab10=0	0;
tab11=0	0;
tab12=0	0;
tab13=0	0;
tab14=0	0;
tab15=0	0;
tab16=0	0;
tab17=0	0;
